image: compe_map.pgm
resolution: 0.010000
origin: [-0.039739, -0.036017, 0.000000]
negate: 0
occupied_thresh: 0.65
free_thresh: 0.196

