image: compe_map005.pgm
resolution: 0.050000
origin: [-0.035139, -0.038962, 0.000000]
negate: 0
occupied_thresh: 0.65
free_thresh: 0.196

