image: /home/sibl/map.pgm
resolution: 0.010000
origin: [-0.039336, -0.033562, 0.000000]
negate: 0
occupied_thresh: 0.65
free_thresh: 0.196

