image: map_005.pgm
resolution: 0.005000
origin: [-0.037692, -0.024959, 0.000000]
negate: 0
occupied_thresh: 0.65
free_thresh: 0.196

