image: new_map005.pgm
resolution: 0.050000
origin: [-0.030884, -0.037195, 0.000000]
negate: 0
occupied_thresh: 0.65
free_thresh: 0.196

